-0.2721 0.1128 1.3789
3.6240 2.8453 3.5027
3.6789 2.4783 3.6480
4.3303 2.4166 4.5834
-0.3341 -2.0872 -0.1654
-0.3535 0.1672 -2.4765
2.5217 -1.5405 -2.7544
-0.1249 -0.5402 -1.6603
1.8333 2.8464 2.1865
2.6162 -1.1882 -0.9204
-0.3147 -0.0930 -1.0097
-0.2634 0.1985 -0.9726
-0.4318 1.5333 0.2874
1.7594 -1.5057 -0.9841
3.9242 4.3261 3.9289
1.2150 0.3677 -0.4218
1.2411 -1.6311 -0.3877
3.2865 3.0939 3.0083
0.9128 -1.5585 -1.4852
0.5547 -0.7023 0.2906
5.3413 3.6041 2.3726
3.3632 3.9185 3.4666
2.9222 3.0051 1.7880
-0.7090 -1.5211 1.9780
0.7230 -0.4972 0.8594
0.7415 0.2751 -0.5377
4.0866 4.2617 1.9156
1.5723 2.0027 3.9441
1.8484 -1.2769 -2.2165
-1.6768 -1.1234 0.5311
1.6327 -0.9788 -0.7651
0.5934 -0.5403 -1.0899
0.9435 -0.5015 0.5985
1.0926 -0.1740 -1.2362
0.5826 1.8745 -0.2889
1.0787 -0.8240 -1.3803
0.7670 1.2978 0.9005
0.1809 -1.8789 -1.8661
-0.3713 0.5692 -1.3265
2.0158 -0.4640 -2.1784
3.1574 1.3829 3.2770
2.0000 -1.4410 0.6208
1.3207 -0.0219 -0.3023
-1.1784 -1.1630 -1.2866
2.2858 -0.6148 -1.1826
2.1790 3.9428 3.6117
2.0097 -1.0556 -2.8509
4.0153 1.8803 3.6022
0.2368 0.5071 -0.4996
-0.7163 2.2998 -0.5968
0.3201 0.5548 1.8402
3.1661 2.4559 3.5155
3.3677 5.0152 1.6717
1.0350 -0.4137 0.1668
0.7544 0.1357 -0.2858
1.2867 -0.3631 -1.9381
2.6816 4.0058 3.8565
-0.6437 -1.1602 -3.0941
-1.6396 1.1618 -0.5598
1.0387 -1.3659 -0.5387
4.7643 2.6991 2.3293
2.8955 2.7188 3.2448
2.2229 -1.4516 -1.9962
1.1533 0.7812 2.2719
0.1593 1.2778 0.7873
0.5514 2.1741 1.6888
-1.4480 -0.1520 0.4128
4.1107 2.6388 1.9783
-0.7102 0.2421 -0.5011
-2.0059 -0.9681 1.6513
3.2729 2.1090 2.3928
0.1790 -1.2046 -0.0412
0.9364 -2.3456 -0.1649
0.6136 0.9328 0.0221
2.3785 3.0870 2.6785
3.6919 2.1172 1.3123
2.3771 2.8965 3.1210
-0.6433 1.1646 -2.1726
-0.0733 -1.4392 -0.3868
0.2184 -1.7541 -2.6022
1.9306 1.1050 -0.5994
3.0106 2.5628 2.9734
-0.3197 -1.3848 -3.8552
0.3704 -0.4640 -0.0041
-1.0496 -0.2303 0.5609
1.2697 3.3519 1.6014
5.2109 2.3793 2.1847
1.5702 -0.4349 -1.1975
-0.7233 0.4221 0.4870
-0.6973 -0.7292 -0.8114
2.6860 3.3334 0.8809
3.3828 2.2894 3.2210
0.3724 -1.8969 0.0919
-0.3200 -3.7408 -1.5553
1.9129 4.6949 3.5480
3.6052 3.9533 2.8864
-0.8285 -2.6061 0.8700
-0.3282 -1.2712 1.0950
2.3665 2.0487 2.8465
0.0288 0.1047 -0.8697
4.6169 1.6068 3.4571
1.2136 -1.7851 -0.6759
1.4697 -1.3828 2.3023
3.7379 3.1225 5.1260
3.2468 2.5023 3.1021
-0.9824 -0.7252 0.3632
0.4587 -0.5467 -0.3512
3.8127 3.3800 3.8388
0.0255 -2.0369 0.2047
1.8345 0.5072 0.6635
1.7235 4.1728 1.8811
2.0899 -0.0749 -1.3257
1.1881 0.4327 -0.8294
1.7684 3.3390 3.1870
-2.2225 1.9133 0.1816
1.9614 -0.7073 -1.6667
-1.1855 -1.0345 0.4416
2.9692 -1.3993 -2.3915
3.5486 3.0150 2.1318
-0.0558 -0.8498 0.6163
0.5656 -0.6582 -0.5637
2.6926 2.3184 3.4762
4.5048 3.1728 2.8777
4.1711 3.4865 4.0890
3.8692 2.2596 3.8991
2.2647 -1.5030 -2.6624
2.4446 3.1196 3.0444
-0.7111 -0.0381 -0.6484
3.2779 3.2174 3.0452
4.8740 2.2290 3.5063
3.3005 3.9321 0.8718
5.5275 2.2800 2.7813
1.0670 -0.4880 0.0978
2.5338 -1.8260 -0.8388
-0.7512 0.4011 -0.4231
1.8094 3.9075 3.2506
-0.9469 -0.4723 0.5333
2.8207 -0.3249 -0.9604
1.5535 -3.1055 -0.4346
2.7697 4.2676 1.7963
1.1793 -0.8933 -3.0287
3.9129 3.6978 4.1973
0.7819 -0.7665 -1.4059
1.5502 0.0770 0.5021
1.6904 3.3147 4.8304
-0.6500 -2.7435 -0.6913
3.8965 3.8797 3.0044
4.1349 1.9472 3.2686
0.2983 0.8729 -1.5369
1.5851 -0.4597 -0.9500
2.9807 2.7511 2.6058
3.7070 -1.1329 -1.0439
2.5675 4.4059 2.2178
4.4742 1.9369 4.7349
1.8905 4.4247 4.2844
0.9058 0.1262 -0.1462
3.7873 2.7780 2.1487
2.6800 2.4350 3.5858
0.5185 -1.7489 0.2263
-0.8224 -1.9055 -0.7152
-1.1772 0.3730 1.0781
3.5485 4.3491 3.2180
-0.7065 -0.6345 -1.0283
3.3332 4.6269 3.1110
0.1590 -0.3439 -0.6592
2.1163 4.3254 2.1988
1.2324 -1.6733 -0.5968
-0.2772 -0.5290 2.5102
-0.3479 -0.3602 -1.0289
3.0394 1.7915 2.4054
0.1412 1.1568 -0.6060
1.1849 0.4161 0.6808
0.0515 0.2385 0.5342
-0.1396 -0.3530 0.0157
0.1974 0.6875 -0.3324
1.2289 1.6828 -1.2246
4.9375 3.2307 3.4243
2.5946 1.5836 4.0246
-1.2709 1.3913 2.6475
4.0407 4.5873 2.0787
1.7167 -2.0039 0.3370
1.5427 -2.0594 -1.2706
-1.5870 -0.4616 -1.4142
1.4412 0.3139 -0.9107
-1.0489 -1.0195 -0.1342
0.1498 0.2634 0.3789
3.6989 4.0994 1.9655
-2.1653 1.3226 -0.9256
4.0309 3.5973 2.7164
1.2581 -1.3049 -0.3784
-0.0817 -0.9581 -2.0281
2.7270 2.9299 2.8541
2.6607 3.1036 1.4959
-0.0245 1.2752 0.0015
-0.6039 -0.2479 -0.3867
0.4498 2.5609 0.1629
0.5325 -0.3277 2.4100
-1.3622 0.3492 -1.3788
1.0883 -1.1303 0.0426
0.2600 -0.2056 1.1237
1.1823 3.9259 5.7816
1.0562 -0.9566 -1.4085
-0.8495 0.3033 0.3758
0.7516 -0.6315 -1.6080
3.8415 0.3342 2.5053
2.4106 3.5331 2.9096
-1.4865 -1.0960 -1.5322
-0.5997 -0.9388 -1.7591
1.4602 -0.4871 0.8240
-0.2020 2.8457 0.2204
0.6482 -0.7348 -2.5461
3.8874 3.6612 3.0778
1.0688 -1.4755 -1.1894
-0.2747 -2.2236 -2.0928
0.5806 -2.4532 -1.4509
3.4941 3.9508 4.0166
1.6403 2.6723 4.9150
3.1268 4.5658 3.9303
-1.0407 -0.4617 -0.2182
3.8860 3.4068 3.4878
2.4117 2.2427 2.7427
-0.2997 -0.9362 -0.3870
-0.2954 0.8580 -1.4717
1.2328 -1.5220 -2.9534
-0.7146 -1.9945 -1.8300
-0.4096 -0.1397 1.0087
-0.5450 -0.3770 0.2050
0.9420 -0.1658 0.0873
4.0667 4.0779 0.9130
3.5135 3.1462 3.3845
3.4064 -1.5930 -1.0996
-1.1161 -1.3803 -0.3259
1.8219 4.0683 4.3420
0.5873 -2.4462 0.6992
0.2748 -0.1014 -0.8023
0.9751 1.1292 0.4495
-0.1542 0.0794 0.1646
-0.0317 -1.3584 -0.4546
-0.3278 -0.1636 0.0020
-1.5073 -1.3608 -1.5724
0.0040 0.5818 0.7259
3.7321 3.9068 4.1337
0.3458 -1.1422 -2.8304
0.5295 -2.7191 2.2338
1.5986 3.4093 2.8882
2.0741 2.8369 4.2751
2.0045 3.1438 3.8593
1.6616 -1.8809 -0.2566
1.1495 2.8110 2.6615
3.7003 2.0686 4.3032
0.6266 -0.4170 0.8359
1.7017 -3.0880 0.6153
2.3601 -1.1758 -0.2673
1.5651 -0.8028 0.0222
3.2718 2.2005 0.8347
0.7939 -1.3369 0.4814
2.9245 2.6119 3.0537
0.8374 -1.9228 -0.8679
0.6377 0.7423 0.0311
3.4000 0.9467 4.2008
3.8867 3.8617 1.6088
0.7858 1.0099 -0.7990
0.1330 -0.3290 2.1850
2.5660 4.0344 3.6527
3.4645 2.4938 4.3095
0.4737 -0.5629 -1.8135
0.0980 0.8102 -1.2099
0.6635 -1.4605 -1.1400
3.4344 3.6857 2.7002
0.2752 0.3409 -0.9159
-1.0321 0.1158 -1.9051
0.9380 -0.9342 -0.0164
1.7260 -0.1310 -0.4816
2.2380 -0.9535 -1.8210
1.8781 0.1709 -0.1677
0.2581 -0.7236 -1.6372
-2.0839 1.1094 -1.0962
-1.5731 -0.6052 0.8891
2.6402 4.4510 3.2602
-0.1221 0.3985 1.1250
2.6548 0.1704 2.0732
-1.0525 0.7929 -0.0677
1.0855 -2.6338 -2.8819
-1.5437 -0.6539 -0.1793
-1.2729 0.8253 0.1646
3.4398 2.7200 3.1426
1.8679 -0.9482 -0.9790
-0.1824 -0.4995 -0.5302
0.4869 -1.2343 0.4848
1.6440 -0.1063 0.0215
1.3971 1.2583 -1.2910
2.0786 -1.4052 -0.1904
1.6840 -1.0633 -1.8638
-0.8602 -1.6688 -1.1536
-0.2590 -0.9212 0.1301
-0.5804 0.6224 1.2097
1.3464 -1.2264 -0.3317
0.3661 -0.0654 1.1590
-2.2375 0.4433 2.6942
3.7026 2.8672 2.9603
